Environment:
  ClearColor: [0.38626686, 0.10652154, 0.7009804, 1]
Entities:
  - Entity: 752832027556229489
    Name: Camera
    Tag: MainCamera
    Canis::RectTransform:
      active: true
      position: [0, 0]
      size: [32, 32]
      scale: [1, 1]
      anchorMin: [0.5, 0.5]
      anchorMax: [0.5, 0.5]
      pivot: [0.5, 0.5]
      originOffset: [0, 0]
      depth: 0
      rotation: 0
      rotationOriginOffset: [0, 0]
      parent: 0
      children:
        []
    Canis::Camera2D:
      position: [0, 0]
      scale: 1
  - Entity: 7627268716593414174
    Name: Tank
    Tag: ""
    Canis::RectTransform:
      active: true
      position: [0, 0]
      size: [64, 64]
      scale: [1, 1]
      anchorMin: [0.5, 0.5]
      anchorMax: [0.5, 0.5]
      pivot: [0.5, 0.5]
      originOffset: [0, 0]
      depth: 0
      rotation: 0
      rotationOriginOffset: [0, 0]
      parent: 0
      children:
        - 2526265367846920492
    Canis::Sprite2D:
      color: [0.15039186, 0.45098037, 0.0066320705, 1]
      uv: [0, 0, 1, 1]
      flipX: false
      flipY: false
      TextureAsset:
        uuid: 16060716090729117806
    TankGame::Tank:
      speed: 10
      turnSpeed: 25
      count: 5
  - Entity: 3225605259588162169
    Name: FirePoint
    Tag: ""
    Canis::RectTransform:
      active: true
      position: [64, -1]
      size: [32, 32]
      scale: [1, 1]
      anchorMin: [0.5, 0.5]
      anchorMax: [0.5, 0.5]
      pivot: [0.5, 0.5]
      originOffset: [0, 0]
      depth: 0.001
      rotation: 0
      rotationOriginOffset: [0, 0]
      parent: 2526265367846920492
      children:
        []
  - Entity: 2526265367846920492
    Name: Gun
    Tag: ""
    Canis::RectTransform:
      active: true
      position: [0, 0]
      size: [48, 48]
      scale: [1, 1]
      anchorMin: [0.5, 0.5]
      anchorMax: [0.5, 0.5]
      pivot: [0.5, 0.5]
      originOffset: [0, 0]
      depth: -0.1
      rotation: 0
      rotationOriginOffset: [0, 0]
      parent: 7627268716593414174
      children:
        - 3225605259588162169
        - 15087449679467618189
    Canis::Sprite2D:
      color: [0.09198384, 0.64705884, 0.17361248, 1]
      uv: [0, 0, 1, 1]
      flipX: false
      flipY: false
      TextureAsset:
        uuid: 16060716090729117806
  - Entity: 15087449679467618189
    Name: Barrel
    Tag: ""
    Canis::RectTransform:
      active: true
      position: [32, -1]
      size: [64, 12]
      scale: [1, 1]
      anchorMin: [0.5, 0.5]
      anchorMax: [0.5, 0.5]
      pivot: [0.5, 0.5]
      originOffset: [0, 0]
      depth: -0.001
      rotation: 0
      rotationOriginOffset: [0, 0]
      parent: 2526265367846920492
      children:
        []
    Canis::Sprite2D:
      color: [0.09206864, 0.45098037, 0.044213757, 1]
      uv: [0, 0, 1, 1]
      flipX: false
      flipY: false
      TextureAsset:
        uuid: 16060716090729117806
  - Entity: 1800012345678901234
    Name: MouseFollower
    Tag: ""
    Canis::RectTransform:
      active: true
      position: [0, 0]
      size: [24, 24]
      scale: [1, 1]
      anchorMin: [0.5, 0.5]
      anchorMax: [0.5, 0.5]
      pivot: [0.5, 0.5]
      originOffset: [0, 0]
      depth: 0.002
      rotation: 0
      rotationOriginOffset: [0, 0]
      parent: 0
      children:
        []
    Canis::Sprite2D:
      color: [0.95, 0.2, 0.2, 1]
      uv: [0, 0, 1, 1]
      flipX: false
      flipY: false
      TextureAsset:
        uuid: 16060716090729117806
    TankGame::Bounce:
      scaleMultiplier: 1.5
      duration: 0.18
    TankGame::FollowMouse:
      offset: [0, 0]